# 2pt_theory
1.011369617668786235e-04
8.562710156602968727e-05
7.082961468175091554e-05
5.766588715762466341e-05
4.662980669945737341e-05
3.782582560418492988e-05
3.104595714956471012e-05
2.594590276392264421e-05
2.211711278731690920e-05
1.917511526226447344e-05
1.679788880318123273e-05
1.474647664623152328e-05
1.286498441469489404e-05
1.106834902194152903e-05
9.330454305791227465e-06
7.663166955453183215e-06
6.102669747922124622e-06
4.690389400820949946e-06
3.451046311068145112e-06
2.378091280469436955e-06
3.154908959730218796e-04
2.673799766071597683e-04
2.212986773149013843e-04
1.801806978693828055e-04
1.456322212830628412e-04
1.180295476115087556e-04
9.675694870073256264e-05
8.075441925603508758e-05
6.875376979779363536e-05
5.955519700745337536e-05
5.214810891038523653e-05
4.577877907466127740e-05
3.995334810419014194e-05
3.439884152709485289e-05
2.902679258638078330e-05
2.386884618802584415e-05
1.903474093382964187e-05
1.465248019220964578e-05
1.080883867767395042e-05
7.443803257285674620e-06
9.911369879412926763e-04
8.379663447043348388e-04
6.924541027763431080e-04
5.634730227406635093e-04
4.556706137300035376e-04
3.698700671269483761e-04
3.039097302335943976e-04
2.543297444985281723e-04
2.170891708094851351e-04
1.884183020257509098e-04
1.651747363796826824e-04
1.450398780705741957e-04
1.265124950666944375e-04
1.087865744903210763e-04
9.162678250295644021e-05
7.516767369269447910e-05
5.977756891536304854e-05
4.586870299614040120e-05
3.368681525188328371e-05
2.306137238442017976e-05
1.576525905964804974e-03
1.330624498058129547e-03
1.098430750305500522e-03
8.936102851011331087e-04
7.230606953319883637e-04
5.876825563473435897e-04
4.837778646364417220e-04
4.056984530128151579e-04
3.469587704913042431e-04
3.015678815803824603e-04
2.645714540470905734e-04
2.323421612542192526e-04
2.025548027970437118e-04
1.739902000526978294e-04
1.463260016076938582e-04
1.198186392055526075e-04
9.508082215691401862e-05
7.277818124535599036e-05
5.324013700521198339e-05
3.641332848724848187e-05
