# ximinus_2_2
1.638971503395939877e-08
7.448088196179198898e-09
1.455654898014065519e-08
6.305323947817156303e-09
1.297466230100933597e-08
5.357133555960817331e-09
1.161587832346456511e-08
4.581153750841751400e-09
1.045663129204826863e-08
3.959080401961613395e-09
9.477522064604429162e-09
3.476304081031158862e-09
8.662963834371521259e-09
3.121626989414366606e-09
8.000910331260089571e-09
2.887056153630390418e-09
7.482660335790641802e-09
2.767666994536206211e-09
7.102733493537821260e-09
2.761533440971965444e-09
6.858813295824900605e-09
2.869721294872844939e-09
6.751753839114042538e-09
3.096341611057854834e-09
6.785646936425856435e-09
3.448660672971775232e-09
6.967945367862674037e-09
3.937262726371012728e-09
7.309638094813924369e-09
4.576259987505766142e-09
7.825470586999503459e-09
5.383542784981319471e-09
8.534201341862770550e-09
6.381058650583144000e-09
9.458881488936597421e-09
7.595105492361445363e-09
1.062713970067823648e-08
9.056617743430984255e-09
1.207144750230775589e-08
1.080141663368676073e-08
1.382933127361561755e-08
1.287038594609701301e-08
1.594348737020848714e-08
1.530952363987976347e-08
1.846174304787994449e-08
1.816980500082499747e-08
2.143679247322405804e-08
2.150677919057791093e-08
2.492562063043571606e-08
2.537980357283841605e-08
2.898851263234207624e-08
2.985080652327882777e-08
3.368753186552072149e-08
3.498245676096028641e-08
3.908434205394788338e-08
4.083561325411499440e-08
4.523724871045913129e-08
4.746593700379828707e-08
5.219735274494123130e-08
5.491957453737112982e-08
6.000374933657525356e-08
6.322787870319691559e-08
6.867778072906986885e-08
7.240122916186104573e-08
7.821647144106829826e-08
8.242216170343976314e-08
8.858545092711774188e-08
9.323822342269510888e-08
9.971190924321610135e-08
1.047552440473269459e-07
1.114784357342554110e-07
1.168320460223757832e-07
1.237189450273390835e-07
1.292779828334469777e-07
1.362182610182739977e-07
1.418550432609642262e-07
1.487172359375253677e-07
1.542864948492922236e-07
1.609254117736901399e-07
1.662740230222277339e-07
1.725430195161246517e-07
1.775248628951885161e-07
1.832933491279979223e-07
1.877892991193133134e-07
1.929649896949195620e-07
1.969069209242879953e-07
2.014609699457849186e-07
2.048570676806286371e-07
2.088484304248589843e-07
2.118051386459157809e-07
2.153984781916073968e-07
2.181324586538028724e-07
2.216021936663766088e-07
2.244344031116605841e-07
2.281469455531706128e-07
2.314714087843486640e-07
2.358394474692198621e-07
2.400627599165467141e-07
2.454708185720450672e-07
2.509258749252287518e-07
2.576359436682368619e-07
2.644848564906232240e-07
2.725437471557569353e-07
2.806982718901733877e-07
2.898809001044774722e-07
2.989787070877877810e-07
3.088068966610213227e-07
3.182804508320715989e-07
3.281459693522443941e-07
3.373986233948150516e-07
3.467846284941277261e-07
3.554419548771333277e-07
3.641807556100840119e-07
3.723240818183917146e-07
3.807710181130002579e-07
3.890154296149020468e-07
3.979997372600499038e-07
4.072983368463328744e-07
4.177804002489950704e-07
4.289593042215614926e-07
4.414966263050171658e-07
4.547320118113737456e-07
4.690663073274643683e-07
4.836839699224691707e-07
4.988372223596235277e-07
5.137453148030483260e-07
5.287620326400614431e-07
5.433940776192730569e-07
5.582980033953066486e-07
5.733450092477542612e-07
5.894096282494315184e-07
6.064644681524488844e-07
6.252128545253618106e-07
6.453040000646316770e-07
6.669512651956512266e-07
6.893922367242775634e-07
7.125772781285515614e-07
7.358431873673958526e-07
7.595308105841846999e-07
7.836216633705677253e-07
8.090327401855448689e-07
8.360571786728160748e-07
8.654027137242026893e-07
8.967373442972635347e-07
9.299367417137641296e-07
9.641268809233668181e-07
9.992267857749436331e-07
1.035104706676155878e-06
1.072693629901009898e-06
1.112568199075751315e-06
1.155484475301404500e-06
1.201019083715096024e-06
1.248714426388217253e-06
1.297691460205137851e-06
1.348224486189201702e-06
1.400903249920810401e-06
1.456932675681510665e-06
1.516380048003263875e-06
1.578775507820080160e-06
1.642959456896529186e-06
1.709001791577191016e-06
1.777643462339020318e-06
1.850095279943211213e-06
1.925997744683227082e-06
2.004319860123317474e-06
2.084130631059338815e-06
2.166370469586672009e-06
2.251984397367989058e-06
2.340796910669846477e-06
2.431036182647584068e-06
2.522347558220427950e-06
2.615719365035433557e-06
2.711788184626394776e-06
2.808726921964353396e-06
2.905446973789801252e-06
3.002780133126788661e-06
3.101432936706824968e-06
3.199250161305791135e-06
3.295305415133841241e-06
3.390770199336999471e-06
3.485410718537077583e-06
3.576703910361326032e-06
3.665373576733145510e-06
3.752168093533558367e-06
3.834991191074324220e-06
3.913495258235198439e-06
3.989471546059129251e-06
4.060625300152207171e-06
4.127296325145330071e-06
4.190963128442710511e-06
4.249758748556865105e-06
4.304858985552620223e-06
4.357355615838990817e-06
4.405438773794854166e-06
4.452272682232415178e-06
4.496044905337033109e-06
4.538644938256263262e-06
4.580263393949644729e-06
4.620793859000708691e-06
4.661764977724856383e-06
4.702034099707465811e-06
4.743231647095535882e-06
4.783982675831343571e-06
4.825393122667348283e-06
4.866147824275030469e-06
4.906777678722829855e-06
4.946114515064122291e-06
4.984346928508412734e-06
5.020560748226086824e-06
5.054915963143862693e-06
5.086893971547508329e-06
5.116877906202907786e-06
5.144814593798481186e-06
5.171377934717779053e-06
5.196864380831015682e-06
5.222063135619827523e-06
5.247305214055788340e-06
5.273156455099988728e-06
5.299620264223100718e-06
5.326771299314497132e-06
5.354143770352714971e-06
5.381386277419514172e-06
5.407825422360863374e-06
5.433126947578028137e-06
5.456930811507888862e-06
5.479404810380005961e-06
5.500798547667148395e-06
5.521786411236423153e-06
5.542889816017961564e-06
5.564678359509695524e-06
5.587222481348726190e-06
5.610398552028928227e-06
5.633603010845655097e-06
5.656301328880963505e-06
5.677952661861590700e-06
5.698553109780867821e-06
5.718375751404591199e-06
5.738136292288094645e-06
5.758381722775790889e-06
5.779463688416803621e-06
5.801084575259869584e-06
5.822701643697383710e-06
5.843611546424373251e-06
5.863635899049541218e-06
5.883035529911257385e-06
5.902575334283117930e-06
5.922770429447977571e-06
5.943703351168151635e-06
5.964740006851252338e-06
5.985243451328624283e-06
6.004934540462730952e-06
6.024354130799384508e-06
6.044184958853347943e-06
6.064764284421860075e-06
6.085549072742461367e-06
6.105867346246409701e-06
6.125513405095419400e-06
6.145176306501008415e-06
6.165446865497544128e-06
6.186214191574894470e-06
6.206645677200776027e-06
6.226496943117048986e-06
6.246337904593574518e-06
6.266851843639475986e-06
6.287620137826791657e-06
6.307937531892715208e-06
6.327882595562616732e-06
6.348310983578536618e-06
6.369148780120532849e-06
6.389656636338436914e-06
6.409793613379857473e-06
6.430423181070707349e-06
6.451346741521339043e-06
6.471859132503982287e-06
6.492277551799275603e-06
6.513272047431414947e-06
6.534098542377898505e-06
6.554604720754671699e-06
6.575554458526337757e-06
6.596634239256453499e-06
6.617242294846905300e-06
6.638279000000446903e-06
6.659397535483453571e-06
6.680182531789894073e-06
6.701331488628138867e-06
6.722445077667419759e-06
6.743368311941777420e-06
6.764733597371899567e-06
6.785705389347867175e-06
6.806963300833330992e-06
6.828156951159863410e-06
6.849356932863700926e-06
6.870588564339801178e-06
6.891752194466147469e-06
6.913047574706290503e-06
6.934173996046774578e-06
6.955503349731921082e-06
6.976551496737174958e-06
6.997830536580004078e-06
7.018925663329269939e-06
7.040030933602199575e-06
7.061105094381003984e-06
7.082112728614358855e-06
7.103058755088674406e-06
7.123996624475989670e-06
7.144723843065417790e-06
7.165486103376061804e-06
7.186068080016500991e-06
7.206527705378474197e-06
7.226904692546911255e-06
7.247089015538067620e-06
7.267136738778126309e-06
7.287024307009096332e-06
7.306636484965333225e-06
7.326130401030840995e-06
7.345329514358366849e-06
7.364272171680352011e-06
7.382974454645878033e-06
7.401334154476894574e-06
7.419399986531056848e-06
7.437122014551427700e-06
7.454405124467853248e-06
7.471354620422908595e-06
7.487833036834013731e-06
7.503851246127785743e-06
7.519389728415637758e-06
7.534377199181438060e-06
7.548831498875144442e-06
7.562694032346571981e-06
7.575896530111058383e-06
7.588485709911507398e-06
7.600347023168129159e-06
7.611487822860383847e-06
7.621872600969032325e-06
7.631425522147574679e-06
7.640154915533053253e-06
7.648013621163543901e-06
7.654933832534206826e-06
7.660932505008465524e-06
7.665921922526809873e-06
7.669893051334763861e-06
7.672811121073743157e-06
7.674624021623168880e-06
7.675327721736482540e-06
7.674871731257896162e-06
7.673211110905872443e-06
7.670349038687951129e-06
7.666221214820910084e-06
7.660822462241825308e-06
7.654116829737056806e-06
7.646071717861105708e-06
7.636682166103494698e-06
7.625910529702334824e-06
7.613728392789747389e-06
7.600132875436796483e-06
7.585081241384869376e-06
7.568574491610951896e-06
7.550593102344619523e-06
7.531120680990020830e-06
7.510149455597488393e-06
7.487657432942851078e-06
7.463637073815374362e-06
7.438089782476549608e-06
7.410989528324779523e-06
7.382348249798994778e-06
7.352164257335432600e-06
7.320423912187393080e-06
7.287135878993777163e-06
7.252306935470295841e-06
7.215938049063121826e-06
7.178037614157243196e-06
7.138608412998701985e-06
7.097673832051019102e-06
7.055248297828067018e-06
7.011341649716874365e-06
6.965969304440670925e-06
6.919152371199107680e-06
6.870915711653230610e-06
6.821278810384078008e-06
6.770265054735136374e-06
6.717905660071559329e-06
6.664228236805281012e-06
6.609264242233380519e-06
6.553045120684028198e-06
6.495605926998089217e-06
6.436982940743986204e-06
6.377210336440438414e-06
6.316327487845882952e-06
6.254378734978958261e-06
6.191404552621239502e-06
6.127453440617594457e-06
6.062568284535455186e-06
5.996790090783361654e-06
5.930162972075447268e-06
5.862730907480376303e-06
5.794544515757981804e-06
5.725657544398747772e-06
5.656118879276183904e-06
5.585983915484901543e-06
5.515301125301459137e-06
5.444118551689896642e-06
5.372482221399454391e-06
5.300444665177194875e-06
5.228060958599661222e-06
5.155386068218900928e-06
5.082469999767387450e-06
5.009363498768124411e-06
4.936114732995561577e-06
4.862771970281009976e-06
4.789387197103592425e-06
4.716012004343270437e-06
4.642689580965922845e-06
4.569469776386028161e-06
4.496401860262281449e-06
4.423531038121143730e-06
4.350900174524367736e-06
4.278553538463391201e-06
4.206534897325353128e-06
4.134887633824215077e-06
4.063649669281333535e-06
3.992860338110581253e-06
3.922556556293542545e-06
3.852772945283232774e-06
3.783547757095675109e-06
3.714918030073695436e-06
3.646909915567241705e-06
3.579550333918894519e-06
3.512876078861084914e-06
3.446916579114819216e-06
3.381690419604113036e-06
3.317224914451360285e-06
3.253545336765518714e-06
3.190671528199155505e-06
3.128621914716280363e-06
3.067412899879511099e-06
3.007062513421424559e-06
2.947591082859216246e-06
2.889008514979789655e-06
2.831327165774672691e-06
2.774560665571154754e-06
2.718716455376569659e-06
2.663801627526774332e-06
2.609822023273331959e-06
2.556778363419424239e-06
2.504684158303238061e-06
2.453540080141764104e-06
2.403345617310864182e-06
2.354105475838489030e-06
2.305813096313399312e-06
2.258470746567823392e-06
2.212068606651845435e-06
2.166597915065032535e-06
2.122071568494345123e-06
2.078475681612116264e-06
2.035801779821741655e-06
1.994044901349172416e-06
1.953187704619902827e-06
1.913237071153087720e-06
1.874167433390754204e-06
1.835961527909694503e-06
1.798633638729430967e-06
1.762156707306032386e-06
1.726521776891747937e-06
1.691715404782165061e-06
1.657710266524251347e-06
1.624520210078367818e-06
1.592109685093241442e-06
1.560456145423796819e-06
1.529577706019131462e-06
1.499431893669267160e-06
1.470014990411169766e-06
1.441308771547268856e-06
1.413279097644150947e-06
1.385951432180841904e-06
1.359278607236673773e-06
1.333234182485887650e-06
1.307841963751194416e-06
1.283051068134046988e-06
1.258866288284584042e-06
1.235263357673629646e-06
1.212203354514667707e-06
1.189723879387063912e-06
1.167767942281137891e-06
1.146314458821464699e-06
1.125389905678285740e-06
1.104934004125027464e-06
1.084964681980451312e-06
1.065453143048590225e-06
1.046357566511646088e-06
1.027726847837902358e-06
1.009498393196153164e-06
9.916581810090033180e-07
9.742326463910710609e-07
9.571576035554773937e-07
9.404623772282074433e-07
9.241151809199135460e-07
9.080736997607823639e-07
8.923959128821829262e-07
8.770147293301073659e-07
8.619271327962664661e-07
8.471542814807836072e-07
8.326347707600578080e-07
8.184070594439932368e-07
8.044369423576998367e-07
7.906853700761966302e-07
7.772142165138007128e-07
7.639550677056325151e-07
7.509161631113844698e-07
7.381111197707123861e-07
7.254849484873985447e-07
7.130826694025640786e-07
7.008687353629197555e-07
6.888105185903650350e-07
6.769689290733378983e-07
6.652786167730141735e-07
6.537567014895947277e-07
6.424106205154335963e-07
6.311926498733009246e-07
6.201527169690035840e-07
6.092541698828309038e-07
5.984732302120874701e-07
5.878654093476084562e-07
5.773708730816346845e-07
5.670131517385991659e-07
5.567937368136927226e-07
5.466729163742398032e-07
5.367003287141198263e-07
5.268374026891586290e-07
5.170663910010638153e-07
5.074315204906362045e-07
4.978773148776618765e-07
4.884273490588115676e-07
4.790745390096225743e-07
4.697843164743161642e-07
4.606012806069132609e-07
4.514886838103336718e-07
4.424385963925544803e-07
4.334882987756367710e-07
4.245955753514097956e-07
4.157903460019106721e-07
4.070693663600434059e-07
3.984118932736332161e-07
3.898620424392244555e-07
3.813925873639709210e-07
3.730081501263692578e-07
3.647396738701713999e-07
3.565568886197521949e-07
3.484896536147521917e-07
3.405353057509026681e-07
3.326786283922842889e-07
3.249543919985378145e-07
3.173392414653855316e-07
3.098391743722987158e-07
3.024713456745668118e-07
2.952113695178469305e-07
2.880791927699134065e-07
2.810687041649138989e-07
2.741680987961212992e-07
2.673997094906320577e-07
2.607429345289825507e-07
2.542023527850822232e-07
2.477823844992572911e-07
2.414677031061353293e-07
2.352708814859816674e-07
2.291872152199492424e-07
2.232074442577377701e-07
2.173418180832062862e-07
2.115762462455917838e-07
2.059165320442364809e-07
2.003631333105827470e-07
1.949063660419755541e-07
1.895515295305551149e-07
1.842963654659440084e-07
1.791365429629007059e-07
1.740746778965163953e-07
1.691043034121474823e-07
1.642306874909183920e-07
1.594508573734521151e-07
1.547597265388558675e-07
1.501620120738565701e-07
1.456586587042094787e-07
1.412439488874510705e-07
1.369182643677411940e-07
1.326855034909929693e-07
1.285430391693742409e-07
1.244864609018628142e-07
1.205219200123406081e-07
1.166448513163875966e-07
1.128522687792655632e-07
1.091487841181712514e-07
1.055293879421025678e-07
1.019930746856830267e-07
9.854118744984581662e-08
9.517211133503172518e-08
9.188739927971562299e-08
8.868357365589240700e-08
8.556318433179444125e-08
8.252642394324491151e-08
7.956987498332193483e-08
7.669560443060068018e-08
7.390022604128755485e-08
7.118285146674309117e-08
6.854395920421465903e-08
6.597730345033238175e-08
6.348519276071312724e-08
6.106688435300725699e-08
5.871867003305184625e-08
5.644548577247737122e-08
5.424353203978609929e-08
5.211210940876388810e-08
5.005239603716507698e-08
4.805641241354926749e-08
4.612545495995183281e-08
4.425746086408378491e-08
4.244870157930239521e-08
4.070390115645764269e-08
3.901987359256141033e-08
3.739642296690194141e-08
3.583319912777157288e-08
3.432314567885546110e-08
3.286667968030068501e-08
3.146108996246051408e-08
3.010637243447894395e-08
2.880479711044934786e-08
2.755417896396472423e-08
2.635216124875089038e-08
2.519486411255558226e-08
2.407842814451722085e-08
2.300558560182717374e-08
2.197727287897539635e-08
2.099247732245426631e-08
2.004774083326941138e-08
1.913798574554737640e-08
1.826278837500370190e-08
1.742558525689579214e-08
1.662551160259148665e-08
1.585987270615462927e-08
1.512306798428525680e-08
1.441517064594275951e-08
1.374091490963749597e-08
1.309779708575244002e-08
1.247935529239398282e-08
1.188511585285272417e-08
1.131929007574286912e-08
1.078103921274781109e-08
1.026393703006634922e-08
9.767978370246041966e-09
9.296444608201171955e-09
8.848319071473071874e-09
8.417249390007008324e-09
8.005767757654122507e-09
7.617160542739799738e-09
7.243427699779605758e-09
6.886716686202022464e-09
6.549909603462845280e-09
6.225175482729200054e-09
5.916802340010351504e-09
5.624337059942619486e-09
5.342479819916417913e-09
5.076182308639401519e-09
4.822173883897379352e-09
4.579027427367960078e-09
4.349657099678925665e-09
4.128709801718865020e-09
3.920552367815951273e-09
3.722182043544545079e-09
3.532049256406190611e-09
3.353617205041944368e-09
3.181848085401186917e-09
3.019902765263914556e-09
2.865584236625917678e-09
2.717763553638989432e-09
2.578639157154019012e-09
2.446121855525586341e-09
2.320034934220933653e-09
2.201710047702765847e-09
2.088391637154507304e-09
1.981423907361700626e-09
1.879285753951871838e-09
1.780783796831516405e-09
1.688236248730279412e-09
1.599823999896194413e-09
1.516031546006249025e-09
1.437566892212337387e-09
1.362503659424860460e-09
1.292103817140960613e-09
1.225237607771397486e-09
1.160747942301525492e-09
1.100704190719801181e-09
1.043179985644352341e-09
9.887118542994641336e-10
9.375349777809467897e-10
8.876614645114130792e-10
8.406764098390492329e-10
7.961507870165393282e-10
7.538372303978610744e-10
7.155187629677562071e-10
6.785379551360691484e-10
6.431033859276712343e-10
6.095201861831369829e-10
5.766791986168266004e-10
5.465360359821576300e-10
5.178811679494249640e-10
4.898282682512635672e-10
4.645231456900150565e-10
4.406031492959985020e-10
4.181627626466739427e-10
3.963348689199537347e-10
3.743439510716602942e-10
3.547250893265743451e-10
3.364642025523688045e-10
3.186599641850259501e-10
3.025359610890958413e-10
2.866970524590918901e-10
2.715354962714300231e-10
2.569354906480660386e-10
2.431016805397113677e-10
2.313329325540757181e-10
2.194110756629809458e-10
2.072466361616219459e-10
1.965368912843076077e-10
1.859315604371499290e-10
1.766611804036052248e-10
1.680114176214544939e-10
1.583794902561174286e-10
1.500535107861128384e-10
1.425638229369369262e-10
1.352034540312362521e-10
1.284002857466195220e-10
1.210583887764801214e-10
1.150042450560901269e-10
1.095667884441603781e-10
1.034240120085197463e-10
9.808966455866051244e-11
9.317961897171587866e-11
8.844664365029699191e-11
8.374055662923517811e-11
7.939473942511296982e-11
7.554433497196960839e-11
7.152946847154326561e-11
6.760993287428976257e-11
6.453670477107628753e-11
6.092350362394320925e-11
5.772684962589468987e-11
5.504253808199235517e-11
5.193789228626512986e-11
4.937288529566383015e-11
4.698845197877396601e-11
4.436465651296180277e-11
4.234723520804090769e-11
4.006626965652784493e-11
3.809137558720457604e-11
3.618217619490840025e-11
3.425967687734962097e-11
3.257701365633032804e-11
3.087155274397879605e-11
2.927960295574739938e-11
2.780964559744036173e-11
2.641116668758296297e-11
2.506864557181773409e-11
2.387544300837282436e-11
2.263414826021071328e-11
2.153168082278569795e-11
2.044493610213476463e-11
1.936169787650326199e-11
1.839880674067926764e-11
1.744801838942768998e-11
1.657267719780721046e-11
1.578689856067790578e-11
1.498242843607611794e-11
1.426384988123312376e-11
1.354173140568208164e-11
1.282112547308711750e-11
1.217911758385797721e-11
1.155178651501671963e-11
1.099002744074975747e-11
1.047411153759117502e-11
9.937355353571234477e-12
9.438332921758810611e-12
8.940463359009757426e-12
8.469302312600179319e-12
8.069593632574683329e-12
7.676036689465424536e-12
7.295978529506787882e-12
6.914173991421473949e-12
6.529290064142005998e-12
6.206473386512425356e-12
5.908555459634221281e-12
5.609171523536167884e-12
5.310377715838846818e-12
5.010089812334143425e-12
4.757707927864857600e-12
4.530712313047549854e-12
4.279779945058280180e-12
4.031663430729606430e-12
3.807763306227416125e-12
3.616035208159327803e-12
3.419742407890645802e-12
3.201327382311357902e-12
3.016870808137389988e-12
2.861061264039840180e-12
2.682884386727406929e-12
2.507351917756818931e-12
2.362650777738021019e-12
2.220205717887673542e-12
2.060158670142013116e-12
1.921573739907148894e-12
1.802140270745157403e-12
1.663860198116436897e-12
1.542352657572072418e-12
1.438718791521156249e-12
1.315173556575869551e-12
1.212247342693335828e-12
1.118411759774686345e-12
1.013212158865864896e-12
9.322020749031647288e-13
8.460505264493791797e-13
7.675637618234427610e-13
6.978069908757925505e-13
6.248502454323044682e-13
5.664916682486043470e-13
5.083629524866704718e-13
4.602059529049000843e-13
4.144863124082784491e-13
3.759907030948267376e-13
3.412957971666095062e-13
3.124713040021098537e-13
2.879000554267383447e-13
2.677847905308554814e-13
2.507444738830979726e-13
2.389987480651248118e-13
2.302051281131462356e-13
2.221009405931569750e-13
2.147339384927780776e-13
2.093668049625765991e-13
2.045364582774615644e-13
1.994621966924638179e-13
1.925420804575687687e-13
1.852427909053304157e-13
1.762556548215738543e-13
1.649250481478654694e-13
1.526770139567157768e-13
1.402694132682535675e-13
1.263807839812017833e-13
1.113599928316384022e-13
9.758047457998916948e-14
8.509994881387550293e-14
7.394482952673937110e-14
6.464719354808223158e-14
5.723890685142403636e-14
5.295154020347322651e-14
5.104537140853800048e-14
4.987402103583252517e-14
5.040718566243740522e-14
5.151679324347686430e-14
5.202134236091633465e-14
5.153262488713706747e-14
4.931481544857042878e-14
4.598171610790242394e-14
4.103002303595754729e-14
3.501465784242252999e-14
2.925254697962599214e-14
2.428796870020674738e-14
2.031428774523029159e-14
1.863134182161725321e-14
1.840164073551993629e-14
1.921615263090264540e-14
2.069187430783169898e-14
2.148437405071822328e-14
2.112313797733132368e-14
1.963395166144393334e-14
1.660679066834290940e-14
1.337799592542311738e-14
1.035463908346806203e-14
8.639369256937103903e-15
8.492402024567427467e-15
9.439258362121884148e-15
1.068064581240149817e-14
1.117674428684795506e-14
1.041909429207321351e-14
8.573822353637511516e-15
6.418057423403698618e-15
4.842072670217847609e-15
4.553568988686784572e-15
5.300236344809878393e-15
6.307514207142246300e-15
6.538818179364075117e-15
5.543190191419521294e-15
3.921596813859570063e-15
2.794558244794785444e-15
2.807268256471642774e-15
3.618605129803277746e-15
4.178672416635968220e-15
3.794447631351577862e-15
2.630323163909930243e-15
1.720482432305551762e-15
1.902524402053916903e-15
2.653192224272552726e-15
2.807285386167624136e-15
2.068177262503813465e-15
1.239066243307299664e-15
1.264952994799768000e-15
1.885957976054655707e-15
1.966859957059592548e-15
1.241029004644799555e-15
7.910674818013149815e-16
1.161683245470204470e-15
1.510225978713469846e-15
1.066304071861670566e-15
5.737830421229072031e-16
8.598238210966086979e-16
1.142947872423730120e-15
7.140440950820507193e-16
4.413282218980516390e-16
7.872565109351839874e-16
7.958476676439688216e-16
3.601938013310453975e-16
5.015978699047451390e-16
6.870181217840124008e-16
3.444013536609569192e-16
3.537884929937603678e-16
5.618984849585032501e-16
2.684415512172427938e-16
3.161291986217583514e-16
4.302666207769468430e-16
1.931961300237271318e-16
3.150461673666613176e-16
2.929436591367513998e-16
1.597914706428868892e-16
3.093692415381837319e-16
1.412051077008181752e-16
2.280315692496096156e-16
1.734684072073437245e-16
1.519544044041281760e-16
1.821705472675168093e-16
1.131813830202784876e-16
1.653811171649929437e-16
9.701100712675750195e-17
1.404986839227585716e-16
8.799991051197117523e-17
1.173968780352175361e-16
7.992221509589735388e-17
9.848679242534619471e-17
7.163668020387192820e-17
8.333648954610546401e-17
6.343983926355965936e-17
7.104195365355163220e-17
5.571532760747951200e-17
6.087887738459431635e-17
4.867170471666952360e-17
5.235128817366151847e-17
4.237472445385968697e-17
4.512211695793322555e-17
3.681063173973737099e-17
3.895242520400507324e-17
3.192862842288366698e-17
3.366391361327112644e-17
2.766388896722750436e-17
2.911758753258077096e-17
2.394900521395349586e-17
2.520154925090250978e-17
2.071935329362675924e-17
2.182369573667311542e-17
1.791539897938283822e-17
1.890707770834598080e-17
1.548348378259106638e-17
1.638675856195454624e-17
1.337586727615612779e-17
1.420756411340671196e-17
1.155041748257725784e-17
1.232239309216680456e-17
9.970149142828913496e-18
1.069090163361894175e-17
8.602712301652336647e-18
9.278450510175167707e-18
7.419883341136555908e-18
8.055245740769770145e-18
6.397084028858469925e-18
6.995626648214353231e-18
5.512939988673737610e-18
6.077469877452606389e-18
4.748882448273805238e-18
5.281686567629710069e-18
4.088793090798362917e-18
4.591795717079463022e-18
3.518689701184387006e-18
3.993560643146967278e-18
3.026449456864252582e-18
3.474678227310499835e-18
2.601566244186890921e-18
3.024512624201700658e-18
2.234938447715217513e-18
2.633866653155191256e-18
1.918683746684084703e-18
2.294785245924228597e-18
1.645977767102705323e-18
2.000386274978030186e-18
1.410913694877239697e-18
1.744714814161748052e-18
1.208380247011358351e-18
1.522617497775226606e-18
1.033955685416971768e-18
1.329634147845804644e-18
8.838158647308244595e-19
1.161904272501948788e-18
7.546544563258431182e-19
1.016086349016990459e-18
6.436138356790057859e-19
8.892881641707064200e-19
5.482252106937276371e-19
7.790066763461487754e-19
4.663568005377117632e-19
6.830761164521059864e-19
3.961690231661838490e-19
5.996232086038719594e-19
3.360757849714055457e-19
5.270285733697964459e-19
2.847110713840207502e-19
4.638934700629436653e-19
2.409001649990272833e-19
4.090112019278957719e-19
2.036349089521060228e-19
3.613425642725875735e-19
1.720525041168733995e-19
