# d_m
# unit = Mpc
0.000000000000000000e+00
4.439931683497374593e+01
8.858692602081187317e+01
1.325617036083982612e+02
1.763225916460203564e+02
2.198685978307152595e+02
2.631987950902349667e+02
3.063123210984698517e+02
3.492083777272656562e+02
3.918862304375851977e+02
4.343452076130477622e+02
4.765846998388658449e+02
5.186041591292436124e+02
5.604030981063007175e+02
6.019810891335766883e+02
6.433377634071495095e+02
6.844728100074162285e+02
7.253859749144880880e+02
7.660770599901811693e+02
8.065459219294856439e+02
8.467924711843666046e+02
8.868166708626888521e+02
9.266185356049796837e+02
9.661981304416851799e+02
1.005555569633496134e+03
1.044691015497240414e+03
1.083604677219748510e+03
1.122296809662028636e+03
1.160767712155992285e+03
1.199017727295873101e+03
1.237047239726399766e+03
1.274856674929704241e+03
1.312446498012815482e+03
1.349817212497545597e+03
1.386969359114433701e+03
1.423903514602368432e+03
1.460620290515371835e+03
1.497120332037976823e+03
1.533404316810509044e+03
1.569472953765531201e+03
1.605326981976572142e+03
1.640967169520254174e+03
1.676394312352748102e+03
1.711609233201527559e+03
1.746612780473195471e+03
1.781405827178176651e+03
1.815989269872949535e+03
1.850364027620426896e+03
1.884531040969038258e+03
1.918491270951001979e+03
1.952245698100199434e+03
1.985795321490021934e+03
2.019141157791506657e+03
2.052284240351999870e+03
2.085225618294557080e+03
2.117966355638260211e+03
2.150507530439518177e+03
2.182850233954469786e+03
2.214995569822480775e+03
2.246944653270747040e+03
2.278698610339957668e+03
2.310258577130918184e+03
2.341625699072084444e+03
2.372801130207792085e+03
2.403786032507098753e+03
2.434581575192988112e+03
2.465188934091777810e+03
2.495609291002460850e+03
2.525843833085775259e+03
2.555893752272685560e+03
2.585760244692061406e+03
2.615444510117193659e+03
2.644947751430887365e+03
2.674271174108808282e+03
2.703415985720731442e+03
2.732383395449391173e+03
2.761174613626569680e+03
2.789790851286089492e+03
2.818233319733345525e+03
2.846503230131033433e+03
2.874601793100701798e+03
2.902530218339788007e+03
2.930289714253758575e+03
2.957881487602984635e+03
2.985306743164026102e+03
3.012566683404915238e+03
3.039662508174112645e+03
3.066595414402783263e+03
3.093366595819992199e+03
3.119977242680532981e+03
3.146428541504974874e+03
3.172721674831631390e+03
3.198857820980087581e+03
3.224838153825955487e+03
3.250663842586516239e+03
3.276336051616944587e+03
3.301855940216762065e+03
3.327224662446238654e+03
3.352443366952394172e+03
3.377513196804342897e+03
3.402435289337620361e+03
3.427210776007259938e+03
3.451840782249294080e+03
3.476326427350412814e+03
3.500668824325502555e+03
3.524869079802804663e+03
3.548928293916407256e+03
3.572847560205855189e+03
3.596627965522574868e+03
3.620270589942932929e+03
3.643776506687627716e+03
3.667146782047235774e+03
3.690382475313646864e+03
3.713484638717200141e+03
3.736454317369286400e+03
3.759292549210214020e+03
3.782000364962148069e+03
3.804578788086909753e+03
3.827028834748464305e+03
3.849351513779884954e+03
3.871547826654645633e+03
3.893618767462049618e+03
3.915565322886621288e+03
3.937388472191320034e+03
3.959089187204384416e+03
3.980668432309690161e+03
4.002127164440437809e+03
4.023466333076051342e+03
4.044686880242137249e+03
4.065789740513366269e+03
4.086775841019166819e+03
4.107646101452068251e+03
4.128401434078605234e+03
4.149042743752655952e+03
4.169570927931085862e+03
4.189986876691604266e+03
4.210291472752727714e+03
4.230485591495716108e+03
4.250570100988453305e+03
4.270545862011072131e+03
4.290413728083347451e+03
4.310174545493662663e+03
4.329829153329554174e+03
4.349378383509678315e+03
4.368823060817171609e+03
4.388164002934291602e+03
4.407402020478301893e+03
4.426537917038492196e+03
4.445572489214306188e+03
4.464506526654450681e+03
4.483340812096990703e+03
4.502076121410335872e+03
4.520713223635053509e+03
4.539252881026461182e+03
4.557695849097948667e+03
4.576042876664979303e+03
4.594294705889714351e+03
4.612452072326192138e+03
4.630515704966066551e+03
4.648486326284814822e+03
4.666364652288405523e+03
4.684151392560337626e+03
4.701847250309072479e+03
4.719452922415795911e+03
4.736969099482448655e+03
4.754396465880027790e+03
4.771735699797113739e+03
4.788987473288589172e+03
4.806152452324523438e+03
4.823231296839180686e+03
4.840224660780158047e+03
4.857133192157577469e+03
4.873957533093363054e+03
4.890698319870522027e+03
4.907356182982468454e+03
4.923931747182304207e+03
4.940425631532086300e+03
4.956838449452040550e+03
4.973170808769701580e+03
4.989423311768957319e+03
5.005596555239014378e+03
5.021691130523210632e+03
5.037707623567704104e+03
5.053646614970022711e+03
5.069508680027436640e+03
5.085294388785145202e+03
5.101004306084299060e+03
5.116638991609795085e+03
5.132198999937881126e+03
5.147684880583507038e+03
5.163097178047486523e+03
5.178436431863370672e+03
5.193703176644115956e+03
5.208897942128447539e+03
5.224021253226994304e+03
5.239073630068129205e+03
5.254055588043542230e+03
5.268967637853506858e+03
5.283810285551878223e+03
5.298584032590788411e+03
5.313289375865004331e+03
5.327926807756044582e+03
5.342496816175918866e+03
5.356999884610595473e+03
5.371436492163119510e+03
5.385807113596437375e+03
5.400112219375871064e+03
5.414352275711269613e+03
5.428527744598853133e+03
5.442639083862683037e+03
5.456686747195833959e+03
5.470671184201204596e+03
5.484592840432007506e+03
5.498452157431916021e+03
5.512249572774851913e+03
5.525985520104462921e+03
5.539660429173245575e+03
5.553274725881313316e+03
5.566828832314843567e+03
5.580323166784161913e+03
5.593758143861509780e+03
5.607134174418440125e+03
5.620451665662902997e+03
5.633711021175954556e+03
5.646912640948167791e+03
5.660056921415663055e+03
5.673144255495818470e+03
5.686175032622660183e+03
5.699149638781876092e+03
5.712068453478068477e+03
5.724931861934468543e+03
5.737740237032691766e+03
5.750493951308713804e+03
5.763193374020355805e+03
5.775838871180318165e+03
5.788430805588915064e+03
5.800969536866453382e+03
5.813455421485316947e+03
5.825888812801701533e+03
5.838270061087046997e+03
5.850599513559159277e+03
5.862877514413014978e+03
5.875104404851222171e+03
5.887280523114218340e+03
5.899406204510117277e+03
5.911481781444291300e+03
5.923507583448605146e+03
5.935483937210381555e+03
5.947411166601050354e+03
5.959289592704517418e+03
5.971119533845193473e+03
5.982901305615805541e+03
5.994635220904836387e+03
6.006321589923748434e+03
6.017960720233859320e+03
6.029552916772983735e+03
6.041098481881767839e+03
6.052597715329751736e+03
6.064050914341154567e+03
6.075458373620393104e+03
6.086820385377320235e+03
6.098137239352194229e+03
6.109409222840406983e+03
6.120636620716902144e+03
6.131819715460383122e+03
6.142958787177216436e+03
6.154054113625115860e+03
6.165105970236548274e+03
6.176114630141910311e+03
6.187080364192423076e+03
6.198003440982823122e+03
6.208884126873761488e+03
6.219722686014019018e+03
6.230519380362421543e+03
6.241274469709554069e+03
6.251988211699254862e+03
6.262660861849810317e+03
6.273292673575020672e+03
6.283883898204949219e+03
6.294434785006482343e+03
6.304945581203684014e+03
6.315416531997887432e+03
6.325847880587621148e+03
6.336239868188265973e+03
6.346592734051544539e+03
6.356906715484758934e+03
6.367182047869860980e+03
6.377418964682277874e+03
6.387617697509553182e+03
6.397778476069792305e+03
6.407901528229888754e+03
6.417987080023556700e+03
6.428035355669191631e+03
6.438046577587496358e+03
6.448020966418955140e+03
6.457958741041087706e+03
6.467860118585541386e+03
6.477725314454967702e+03
6.487554542339747059e+03
6.497348014234533366e+03
6.507105940454563097e+03
6.516828529651867939e+03
6.526515988831253708e+03
6.536168523366129193e+03
6.545786337014159471e+03
6.555369631932746415e+03
6.564918608694354589e+03
6.574433466301649787e+03
6.583914402202492056e+03
6.593361612304767732e+03
6.602775290991037764e+03
6.612155631133046882e+03
6.621502824106089975e+03
6.630817059803190205e+03
6.640098526649144333e+03
6.649347411614413431e+03
6.658563900228864441e+03
6.667748176595368022e+03
6.676900423403229979e+03
6.686020821941508984e+03
6.695109552112168785e+03
6.704166792443096710e+03
6.713192720100984843e+03
6.722187510904055671e+03
6.731151339334688601e+03
6.740084378551873669e+03
6.748986800403547022e+03
6.757858775438794510e+03
6.766700472919938875e+03
6.775512060834449585e+03
6.784293705906802643e+03
6.793045573610138490e+03
6.801767828177841693e+03
6.810460632614981478e+03
6.819124148709633118e+03
6.827758537044084733e+03
6.836363957005906741e+03
6.844940566798927648e+03
6.853488523454077040e+03
6.862007982840123077e+03
6.870499099674291756e+03
6.878962027532775210e+03
6.887396918861123595e+03
6.895803924984538753e+03
6.904183196118055093e+03
6.912534881376602243e+03
6.920859128784984023e+03
6.929156085287727365e+03
6.937425896758841191e+03
6.945668708011484341e+03
6.953884662807513450e+03
6.962073903866931687e+03
6.970236572877248364e+03
6.978372810502738503e+03
6.986482756393609634e+03
6.994566549195053085e+03
7.002624326556221604e+03
7.010656225139126036e+03
7.018662380627391030e+03
7.026642927734974364e+03
7.034598000214752574e+03
7.042527730867057471e+03
7.050432251548092609e+03
7.058311693178266069e+03
7.066166185750461409e+03
7.073995858338193102e+03
7.081800839103711041e+03
7.089581255305975901e+03
7.097337233308608120e+03
7.105068898587705917e+03
7.112776375739611467e+03
7.120459788488590675e+03
7.128119259694433822e+03
7.135754911359978905e+03
7.143366864638559491e+03
7.150955239841362527e+03
7.158520156444747045e+03
7.166061733097452816e+03
7.173580087627736248e+03
7.181075337050469898e+03
7.188547597574135580e+03
7.195996984607747436e+03
7.203423612767735904e+03
7.210827595884722541e+03
7.218209047010260292e+03
7.225568078423483712e+03
7.232904801637691889e+03
7.240219327406888624e+03
7.247511765732238928e+03
7.254782225868450951e+03
7.262030816330121525e+03
7.269257644897996215e+03
7.276462818625171167e+03
7.283646443843232191e+03
7.290808626168372029e+03
7.297949470507354818e+03
7.305069081063521480e+03
7.312167561342672343e+03
7.319245014158919730e+03
7.326301541640475079e+03
7.333337245235357841e+03
